455 : 14 24 45 58 67  5 25 33 54 73  6 20 -1 48 75  7 30 44 53 63 12 23 40 56 61
456 :  6 24 37 60 71 11 17 36 53 74  3 21 -1 52 66  1 26 38 57 64  4 30 35 51 70
457 :  8 19 38 59 70 10 18 39 60 61  7 24 -1 53 71  2 16 43 47 72  4 21 44 58 66
458 :  8 24 38 55 73 11 22 32 52 65 12 26 -1 56 75  9 25 41 51 71  2 28 45 46 64
470 : 15 27 45 58 67  2 25 31 47 69 14 21 -1 46 74 12 16 33 54 70  9 20 34 48 75
471 :  8 26 31 47 61  6 17 34 48 71 11 18 -1 49 69  1 30 43 60 67 14 20 39 52 74
472 : 15 28 45 59 67 12 17 33 49 63 11 24 -1 48 71  2 22 35 47 74  1 25 32 51 70
473 :  1 25 44 48 73 14 23 41 50 74 15 17 -1 51 67 11 24 31 58 70  9 21 40 49 75
474 : 10 19 36 50 74 11 29 32 55 65  9 17 -1 59 63  3 22 44 48 64  7 27 45 57 62
475 : 12 19 38 46 69  7 16 34 52 62 11 28 -1 50 75 10 21 37 59 63  1 27 45 54 74
476 : 15 26 37 47 63 10 19 38 46 74  5 28 -1 60 64 13 21 42 49 62  6 30 43 51 67
477 : 10 17 41 47 66  7 20 42 49 75 11 27 -1 50 69  6 30 31 53 65 12 25 44 52 62
478 :  2 29 37 60 62  1 30 34 53 74 12 19 -1 57 65  3 20 38 54 70  7 16 43 49 66
479 : 10 19 31 49 65  8 21 34 46 71 13 25 -1 58 61  4 23 41 48 62  5 17 45 52 74
480 : 11 25 35 59 66 12 17 42 47 65 13 29 -1 50 70 10 18 44 58 71 15 26 31 52 69
751 : 15 28 36 59 62  7 23 40 47 72  2 25 -1 57 75 12 20 37 49 71  1 27 44 58 63
752 : 14 30 40 49 73  4 16 44 56 63 11 21 -1 47 71  5 28 31 53 67  9 19 36 46 72
754 :  1 17 34 53 71 10 27 39 55 66  3 23 -1 46 75  4 18 45 52 68  6 29 43 57 61
753 : 10 24 36 49 72  9 19 35 60 61  3 30 -1 58 68 12 20 45 54 67 11 28 32 56 74
831 : 12 16 34 50 64  3 27 41 52 68 13 29 -1 59 73 15 24 33 58 75  6 20 40 47 66
832 : 15 28 39 60 62  1 18 37 57 65 12 17 -1 52 75 5 21 31 58 69  9 23 41 55 67
833 :  6 22 31 51 65 14 19 40 59 70  5 30 -1 56 62 11 27 37 48 67 4 26 43 46 74
834 :  4 20 44 47 67 3 25 43 49 69  7 24 -1 60 72 10 21 34 48 62  2 30 33 56 64
836 :  4 23 31 47 63 7 27 36 54 68 11 30 -1 58 62 12 21 33 53 66 8 16 43 57 74

